[[-0.0607802   0.0309456   0.0425312 ]
 [-0.0494252   0.0369022   0.0547772 ]
 [-0.0394189   0.038468    0.0599548 ]
 [-0.0298443   0.0391646   0.0629155 ]
 [-0.0174507   0.0363261   0.0664253 ]
 [ 0.00829725  0.036633    0.0659601 ]
 [ 0.0207688   0.0407019   0.0607914 ]
 [ 0.0302016   0.040989    0.0551405 ]
 [ 0.0414761   0.0374062   0.0484249 ]
 [ 0.0472833   0.0312556   0.0436336 ]
 [-0.00342772  0.0157874   0.0747004 ]
 [-0.00362581  0.00586028  0.0823764 ]
 [-0.00331175 -0.0071643   0.0921576 ]
 [-0.00266114 -0.0185985   0.0982029 ]
 [-0.015752   -0.0298364   0.0729651 ]
 [-0.0102076  -0.0305645   0.0773226 ]
 [-0.00379147 -0.0342924   0.0780714 ]
 [ 0.00334545 -0.0305103   0.0783387 ]
 [ 0.00893042 -0.0297136   0.0749375 ]
 [-0.0489131   0.0153448   0.0494427 ]
 [-0.0401647   0.0198562   0.0582739 ]
 [-0.029404    0.0200277   0.0586677 ]
 [-0.0184902   0.0137223   0.0560705 ]
 [-0.0273526   0.00729986  0.0555253 ]
 [-0.0429856   0.00706481  0.0531605 ]
 [ 0.0133921   0.0143829   0.0538608 ]
 [ 0.0224297   0.019471    0.0568267 ]
 [ 0.0319361   0.0186927   0.054902  ]
 [ 0.0421414   0.014685    0.0456565 ]
 [ 0.0345583   0.0110634   0.0491883 ]
 [ 0.0218714   0.00965637  0.0531934 ]
 [-0.0299525  -0.0522461   0.0644776 ]
 [-0.0201648  -0.0471216   0.0730543 ]
 [-0.0107698  -0.0428162   0.0783638 ]
 [-0.00383227 -0.0439747   0.0799713 ]
 [ 0.00266934 -0.0425275   0.0796502 ]
 [ 0.0126933  -0.0452839   0.0753837 ]
 [ 0.0280808  -0.0525686   0.0638795 ]
 [ 0.0179711  -0.0579034   0.0686214 ]
 [ 0.0076018  -0.0604644   0.0754811 ]
 [-0.00286226 -0.0608366   0.0780632 ]
 [-0.0114956  -0.0625215   0.0747832 ]
 [-0.0202267  -0.0614223   0.070383  ]
 [-0.0249093  -0.0520855   0.0657655 ]
 [-0.0129236  -0.0489044   0.0752855 ]
 [-0.00405653 -0.0499367   0.0772474 ]
 [ 0.0039738  -0.0489008   0.0775459 ]
 [ 0.0195686  -0.0519311   0.0668147 ]
 [ 0.00443486 -0.051439    0.0769779 ]
 [-0.00338145 -0.0522648   0.0766051 ]
 [-0.0131778  -0.0525701   0.0747089 ]]

[[232.       104.        10.973089]
 [243.        96.        19.82381 ]
 [256.        91.        25.306787]
 [269.        94.        28.532803]
 [280.        96.        29.585697]
 [319.        94.        26.15679 ]
 [330.        91.        22.928053]
 [340.        88.        17.020735]
 [353.        91.         8.801456]
 [361.       101.        -2.467182]
 [298.       115.        30.824791]
 [298.       128.        39.67877 ]
 [301.       138.        50.5936  ]
 [301.       149.        53.414265]
 [285.       162.        38.85377 ]
 [290.       162.        41.50175 ]
 [298.       162.        42.6257  ]
 [306.       162.        39.727055]
 [311.       162.        36.048363]
 [251.       117.        19.096083]
 [258.       115.        25.105448]
 [269.       115.        24.401108]
 [277.       120.        21.174644]
 [269.       120.        24.93159 ]
 [258.       120.        24.303223]
 [319.       117.        18.19418 ]
 [330.       115.        19.169949]
 [338.       115.        17.51973 ]
 [345.       117.         9.354279]
 [338.       120.        16.425013]
 [327.       120.        19.678606]
 [272.       188.        39.556484]
 [282.       183.        45.95713 ]
 [293.       178.        48.558285]
 [298.       178.        48.961483]
 [303.       178.        47.36961 ]
 [314.       183.        42.169373]
 [322.       188.        33.678604]
 [314.       191.        43.98145 ]
 [306.       194.        48.784744]
 [298.       194.        50.63936 ]
 [290.       194.        50.77226 ]
 [282.       191.        47.77345 ]
 [274.       188.        39.722126]
 [293.       186.        46.168964]
 [298.       186.        46.677288]
 [306.       186.        44.67996 ]
 [319.       188.        34.377697]
 [306.       183.        46.64248 ]
 [298.       183.        47.883526]
 [293.       183.        48.167236]]
 [[0.393      0.16700001 0.01179625]
 [0.36200002 0.18900001 0.03740932]
 [0.347      0.22000001 0.05673839]
 [0.34       0.25800002 0.07009616]
 [0.34       0.28100002 0.07681574]
 [0.33200002 0.40300003 0.07763151]
 [0.324      0.43400002 0.07046153]
 [0.324      0.46500003 0.05598737]
 [0.33200002 0.503      0.03579607]
 [0.36200002 0.53300005 0.00833764]
 [0.40100002 0.35000002 0.09348028]
 [0.43100002 0.358      0.12125409]
 [0.45400003 0.358      0.1527809 ]
 [0.47700003 0.358      0.16174352]
 [0.523      0.32700002 0.11688263]
 [0.51500005 0.342      0.12565163]
 [0.51500005 0.365      0.13068177]
 [0.51500005 0.388      0.12415009]
 [0.51500005 0.40300003 0.11449344]
 [0.43100002 0.21200001 0.042807  ]
 [0.416      0.23500001 0.06190148]
 [0.416      0.25800002 0.06325538]
 [0.42400002 0.289      0.05829307]
 [0.43100002 0.266      0.06621657]
 [0.439      0.23500001 0.06087463]
 [0.416      0.411      0.0599723 ]
 [0.40100002 0.44200003 0.0640381 ]
 [0.40100002 0.46500003 0.0621259 ]
 [0.40800002 0.48700002 0.0410572 ]
 [0.42400002 0.46500003 0.05962986]
 [0.416      0.43400002 0.06640817]
 [0.60700005 0.296      0.10846807]
 [0.57600003 0.319      0.13256158]
 [0.546      0.35000002 0.14331637]
 [0.546      0.37300003 0.14585698]
 [0.546      0.388      0.14236231]
 [0.56100005 0.42600003 0.12750877]
 [0.592      0.45700002 0.09989729]
 [0.615      0.42600003 0.12811127]
 [0.62200004 0.40300003 0.14183024]
 [0.63000005 0.38000003 0.14566524]
 [0.63000005 0.35000002 0.1436292 ]
 [0.62200004 0.32700002 0.13234746]
 [0.59900004 0.30400002 0.10929583]
 [0.57600003 0.35000002 0.13659985]
 [0.569      0.37300003 0.13992818]
 [0.569      0.39600003 0.13452204]
 [0.592      0.44900003 0.10071936]
 [0.59900004 0.40300003 0.13522722]
 [0.59900004 0.37300003 0.13837014]
 [0.59900004 0.35000002 0.1368275 ]]

